0.0 14.56 
0.1 14.52 
0.2 14.48 
0.3 14.44 
0.4 14.40 
0.5 14.37 
0.6 14.33 
0.7 14.29 
0.8 14.25 
0.9 14.21 
1.0 14.18 
1.1 14.14 
1.2 14.10 
1.3 14.06 
1.4 14.03 
1.5 13.99 
1.6 13.95 
1.7 13.92 
1.8 13.88 
1.9 13.84 
2.0 13.81 
2.1 13.77 
2.2 13.73 
2.3 13.70 
2.4 13.66 
2.5 13.63 
2.6 13.59 
2.7 13.56 
2.8 13.52 
2.9 13.49 
3.0 13.45 
3.1 13.42 
3.2 13.38 
3.3 13.35 
3.4 13.31 
3.5 13.28 
3.6 13.24 
3.7 13.21 
3.8 13.17 
3.9 13.14 
4.0 13.11 
4.1 13.07 
4.2 13.04 
4.3 13.01 
4.4 12.97 
4.5 12.94 
4.6 12.91 
4.7 12.87 
4.8 12.84 
4.9 12.81 
5.0 12.78 
5.1 12.74 
5.2 12.71 
5.3 12.68 
5.4 12.65 
5.5 12.61 
5.6 12.58 
5.7 12.55 
5.8 12.52 
5.9 12.49 
6.0 12.46 
6.1 12.43 
6.2 12.39 
6.3 12.36 
6.4 12.33 
6.5 12.30 
6.6 12.27 
6.7 12.24 
6.8 12.21 
6.9 12.18 
7.0 12.15 
7.1 12.12 
7.2 12.09 
7.3 12.06 
7.4 12.03 
7.5 12.00 
7.6 11.97 
7.7 11.94 
7.8 11.91 
7.9 11.88 
8.0 11.85 
8.1 11.82 
8.2 11.80 
8.3 11.77 
8.4 11.74 
8.5 11.71 
8.6 11.68 
8.7 11.65 
8.8 11.62 
8.9 11.60 
9.0 11.57 
9.1 11.54 
9.2 11.51 
9.3 11.49 
9.4 11.46 
9.5 11.43 
9.6 11.40 
9.7 11.38 
9.8 11.35 
9.9 11.32 
10.0 11.29 
10.1 11.27 
10.2 11.24 
10.3 11.21 
10.4 11.19 
10.5 11.16 
10.6 11.14 
10.7 11.11 
10.8 11.08 
10.9 11.06 
11.0 11.03 
11.1 11.01 
11.2 10.98 
11.3 10.95 
11.4 10.93 
11.5 10.90 
11.6 10.88 
11.7 10.85 
11.8 10.83 
11.9 10.80 
12.0 10.78 
12.1 10.75 
12.2 10.73 
12.3 10.70 
12.4 10.68 
12.5 10.66 
12.6 10.63 
12.7 10.61 
12.8 10.58 
12.9 10.56 
13.0 10.54 
13.1 10.51 
13.2 10.49 
13.3 10.46 
13.4 10.44 
13.5 10.42 
13.6 10.39 
13.7 10.37 
13.8 10.35 
13.9 10.32 
14.0 10.30 
14.1 10.28 
14.2 10.26 
14.3 10.23 
14.4 10.21 
14.5 10.19 
14.6 10.17 
14.7 10.14 
14.8 10.12 
14.9 10.10 
15.0 10.08 
15.1 10.05 
15.2 10.03 
15.3 10.01 
15.4 9.99 
15.5 9.97 
15.6 9.95 
15.7 9.92 
15.8 9.90 
15.9 9.88 
16.0 9.86 
16.1 9.84 
16.2 9.82 
16.3 9.80 
16.4 9.78 
16.5 9.76 
16.6 9.74 
16.7 9.71 
16.8 9.69 
16.9 9.67 
17.0 9.65 
17.1 9.63 
17.2 9.61 
17.3 9.59 
17.4 9.57 
17.5 9.55 
17.6 9.53 
17.7 9.51 
17.8 9.49 
17.9 9.47 
18.0 9.45 
18.1 9.43 
18.2 9.42 
18.3 9.40 
18.4 9.38 
18.5 9.36 
18.6 9.34 
18.7 9.32 
18.8 9.30 
18.9 9.28 
19.0 9.26 
19.1 9.24 
19.2 9.25 
19.3 9.21 
19.4 9.19 
19.5 9.17 
19.6 9.15 
19.7 9.13 
19.8 9.11 
19.9 9.10 
20.0 9.08 
20.1 9.06 
20.2 9.03 
20.3 9.02 
20.4 9.01 
20.5 8.95 
20.6 8.97 
20.7 8.95 
20.8 8.94 
20.9 8.92 
21.0 8.90 
21.1 8.88 
21.2 8.87 
21.3 8.85 
21.4 8.83 
21.5 8.82 
21.6 8.80 
21.7 8.78 
21.8 8.77 
21.9 8.75 
22.0 8.73 
22.1 8.72 
22.2 8.70 
22.3 8.68 
22.4 8.67 
22.5 8.65 
22.6 8.63 
22.7 8.62 
22.8 8.60 
22.9 8.58 
23.0 8.57 
23.1 8.55 
23.2 8.54 
23.3 8.52 
23.4 8.50 
23.5 8.49 
23.6 8.47 
23.7 8.46 
23.8 8.44 
23.9 8.43 
24.0 8.41 
24.1 8.40 
24.2 8.38 
24.3 8.37 
24.4 8.35 
24.5 8.33 
24.6 8.32 
24.7 8.30 
24.8 8.29 
24.9 8.27 
25.0 8.26 
25.1 8.24 
25.2 8.23 
25.3 8.22 
25.4 8.20 
25.5 8.19 
25.6 8.17 
25.7 8.16 
25.8 8.14 
25.9 8.13 
26.0 8.11 
26.1 8.10 
26.2 8.09 
26.3 8.07 
26.4 8.06 
26.5 8.04 
26.6 8.03 
26.7 8.01 
26.8 8.00 
26.9 7.99 
27.0 7.97 
27.1 7.96 
27.2 7.95 
27.3 7.93 
27.4 7.92 
27.5 7.90 
27.6 7.89 
27.7 7.88 
27.8 7.86 
27.9 7.85 
28.0 7.84 
28.1 7.82 
28.2 7.81 
28.3 7.80 
28.4 7.78 
28.5 7.77 
28.6 7.76 
28.7 7.74 
28.8 7.73 
28.9 7.72 
29.0 7.71 
29.1 7.69 
29.2 7.68 
29.3 7.67 
29.4 7.65 
29.5 7.64 
29.6 7.63 
29.7 7.62 
29.8 7.60 
29.9 7.59 
30.0 7.58 
30.1 7.57 
30.2 7.55 
30.3 7.54 
30.4 7.53 
30.5 7.52 
30.6 7.50 
30.7 7.49 
30.8 7.48 
30.9 7.47 
31.0 7.45 
31.1 7.44 
31.2 7.43 
31.3 7.42 
31.4 7.41 
31.5 7.39 
31.6 7.38 
31.7 7.37 
31.8 7.36 
31.9 7.35 
32.0 7.35 
32.1 7.32 
32.2 7.31 
32.3 7.30 
32.4 7.29 
32.5 7.28 
32.6 7.26 
32.7 7.25 
32.8 7.24 
32.9 7.23 
33.0 7.22 
33.1 7.21 
33.2 7.19 
33.3 7.18 
33.4 7.17 
33.5 7.16 
33.6 7.15 
33.7 7.14 
33.8 7.13 
33.9 7.11 
34.0 7.10 
34.1 7.09 
34.2 7.08 
34.3 7.07 
34.4 7.06 
34.5 7.05 
34.6 7.04 
34.7 7.03 
34.8 7.01 
34.9 7.00 
35.0 6.99 
35.1 6.98 
35.2 6.97 
35.3 6.96 
35.4 6.95 
35.5 6.94 
35.6 6.93 
35.7 6.92 
35.8 6.90 
35.9 6.89 
