0 0.61129
1 0.65716
2 0.70605
3 0.75813
4 0.81359
5 0.87260
6 0.93537
7 1.0021
8 1.0730
9 1.1482
10 1.2281
11 1.3129
12 1.4027
13 1.4979
14 1.5988
15 1.7056
16 1.8185
17 1.9380
18 2.0644
19 2.1978
20 2.3388
21 2.4877
22 2.6447
23 2.8104
24 2.9850
25 3.1690
26 3.3629
27 3.5670
28 3.7818
29 4.0078
30 4.2455
31 4.4953
32 4.7578
33 5.0335
34 5.3229
35 5.6267
36 5.9453
37 6.2795
38 6.6298
39 6.9969
40 7.3814
41 7.7840
42 8.2054
43 8.6463
44 9.1075
45 9.5898
46 10.094
47 10.620
48 11.171
49 11.745
50 12.344
